-0.7172148
0.6711
0.7581549
0.9794288
0.09062076
-0.9442308
0.7401851
0.5657098
0.8984786
0.2344969
0.8331289
0.2651349
0.7036089
-0.08768085
-0.02196452
-0.8812574
0.5296858
-0.3748716
-0.3541394
-1.182159
0.8044739
0.5991691
1.819595
-0.7413905
-0.8130697
-0.6419829
0.4873737
0.330976
0.1760564
-0.9721685
0.531445
0.4407235
0.6382767
-0.7253901
1.510734
0.2604168
1.580371
-0.1387425
-0.06407797
0.4266218
-0.1171608
0.1597231
-0.9835444
-3.989133
0.1787311
-1.620197
5.645238
0.3424661
-1.203798
-0.999791
1.345214
1.348592
-0.7898116
0.8111037
-1.542447
-0.2161228
-2.875245
1.129238
-0.7957602
-0.4002674
-3.16912
2.677718
0.9804
0.08865249
1.495191
-0.4155605
-0.1534934
1.351667
-2.122883
0.1989057
-2.051811
0.5841401
1.124899
-1.483966
-0.5184611
-2.17024
-0.2543989
1.173946
-2.034282
-0.3626604
2.076062
0.9595687
0.7249692
0.06766397
1.855042
-0.979091
-1.953265
-0.1254365
2.880487
-0.5338091
-1.098822
-1.430671
2.306229
4.565575
0.6569834
-0.5117282
2.031386
0.6055888
1.692857
0.591929
-1.06384
-0.5775594
0.1033501
-1.688037
1.128539
0.5801923
-0.7465817
-0.6264376
0.8654849
0.6314245
-0.3928771
-0.2904567
-2.780884
-1.398292
-5.889302
3.433038
2.607764
-0.9344528
0.4791993
-1.092429
4.068108
-1.13489
-0.3311627
-0.6226854
1.34779
-2.017669
-2.369571
0.7520496
1.20467
-0.753968
-0.8039031
-2.281468
2.259319
1.078032
1.713862
0.9633271
-1.049404
-1.234686
-1.581755
-0.7557271
-1.483507
1.617286
-1.730608
0.1133222
3.208831
0.2190581
1.735401
1.726907
-0.4873096
-0.4470785
0.6909942
-0.3927408
-0.2129473
-1.179354
1.859195
0.1692406
0.2111488
-0.8228436
1.270935
-0.3584301
-0.0422565
-1.53325
-0.8620743
1.279604
-0.7399692
0.2795116
-0.9491012
0.7556666
1.367251
-1.819953
0.774864
1.595238
-0.1689547
0.2111488
0.6517731
0.4390709
0.9758508
-0.165426
-0.8208472
-0.806562
1.378756
-1.969475
-0.5729772
0.3187398
-0.980609
-0.343348
-2.282988
0.6357903
0.6100237
0.4982901
0.6892125
0.5351929
1.188469
0.3790276
-0.8442431
-0.4887182
0.4674893
1.263973
-0.08376966
-0.3567751
1.045816
-0.3334726
0.5413297
-0.1662511
0.3943654
0.3103007
-0.04131378
0.3403089
0.0205592
-0.9618745
1.321515
0.1025417
-0.8024213
-1.142602
0.8529862
-0.6859716
-0.1461533
-0.7338021
0.262681
0.5024611
-2.206238
-0.9246701
0.9032322
-0.7413309
-1.532201
1.801428
-0.7123297
-1.286434
0.5252804
1.279737
-0.9528006
0.1521585
-0.9385322
0.8298803
0.3473733
-2.191148
-0.7560632
-1.66558
-0.8433435
-2.526465
3.278982
0.4533099
-2.519025
-0.3717476
3.701588
0.4252616
0.445733
-0.6693468
-2.378605
0.2747254
1.879764
0.8934617
1.708701
-0.3394208
0.1643852
0.05472105
0.6979311
-0.02170477
-2.242345
-0.3786946
-2.462534
-0.7807158
2.594002
0.313972
-1.579812
-0.5360336
-1.43968
0.5091425
-2.418224
2.02499
0.8767941
-1.737931
-0.1871783
-0.8703213
-0.047259
0.8472635
3.228319
-1.612651
-1.381586
0.2335359
3.416623
-0.429267
-1.379164
-1.282154
-2.277244
1.327349
-2.057748
-2.939033
0.6906786
2.954926
1.068225
0.729364
0.3042373
-1.911077
-1.826974
4.691692
-1.082281
-3.318713
0.7710882
-0.2644269
1.741699
0.09456265
-0.1892148
0.6371357
0.4576781
0.9902692
-0.5696586
0.6623585
0.784499
0.2983703
-0.2524144
-0.1148955
0.5321646
0.8746389
-0.5676451
0.661933
-2.295404
0.7317302
-0.2950028
-0.5183639
-1.172492
-0.9661904
1.138826
-0.8207651
-0.1513295
0.9645878
-2.229562
-1.55341
-2.1811
0.1511316
-0.6779138
2.106344
-0.9289219
-1.988967
0.5230356
-0.7977134
0.9100099
1.068509
0.7112975
0.1101928
-3.002463
-4.374454
1.629599
-1.994424
0.02549441
-2.021041
2.014181
-2.720963
-1.713364
-1.02069
2.978944
1.267267
2.023545
-2.802838
0.3817478
1.042348
-2.156959
-3.393173
0.4158377
3.718892
-1.532765
1.105949
1.807933
0.06855858
1.799858
-1.057316
1.401698
3.897557
1.321871
-0.9194564
-1.831941
-0.541381
1.2993
0.4455457
1.651339
0.6972022
0.3074371
-0.1811975
-1.277644
1.686832
-0.8675802
-0.04753823
-0.4209179
0.2940321
-0.6927567
0.199561
0.4614544
2.330152
0.1549764
0.4558013
1.461435
-0.1292122
-1.71062
0.2935764
-1.187302
-0.7994431
-1.410594
0.5174093
0.6173884
0.480178
1.140019
-0.8342152
0.3594869
-0.9326467
-0.7111859
-0.1746179
-0.8616568
-2.269144
0.1608853
-0.4853747
0.4361241
0.524118
1.128946
-0.7864815
-0.9240749
-0.1397608
-0.05760606
0.5500149
0.3677193
1.240237
-0.02417033
-1.969303
-2.185105
0.5444989
-1.210298
0.1014157
2.345981
0.8626731
-1.259534
0.9317709
-0.6835472
0.8721447
-0.5998161
-1.989328
-0.9714915
1.097516
1.044069
0.3814899
0.03310436
0.4128825
0.624337
0.4086308
-0.5479458
-1.354049
0.3899238
-1.87218
0.2948471
0.3442956
0.0251448
-0.04191542
-0.8673365
0.3461559
-1.61431
0.9208028
-1.720566
1.030757
-0.3595578
2.054226
-0.598324
-1.473053
-0.8960951
-1.940112
0.7297716
-0.6415666
0.2465649
-2.610742
-1.868017
1.215906
-5.366344
-0.2399809
-2.038911
-3.229622
-1.080684
3.455236
1.037305
-0.3544367
0.8641888
2.099642
-0.1629103
1.248532
1.662553
0.08380651
-0.1956483
-0.6549462
-0.5364971
2.202815
1.539056
-0.4555817
-0.1828127
0.6293012
-2.150419
-0.2138877
-0.06518602
1.955604
-0.5128658
-0.266631
1.779322
-0.2263571
-2.635964
-1.207817
-0.339688
2.529181
0.6796481
1.300432
1.54208
-0.1335429
0.3113171
0.1065179
-0.6140193
2.224475
0.09598273
0.1829818
-0.4449704
1.225406
-0.8413928
-0.6642237
1.427849
0.2158802
-0.4322275
-1.827217
1.340896
-0.7164105
-0.5980143
1.679387
1.813622
-0.0511255
-0.6669525
-1.887993
-0.2012822
0.1138178
-1.961714
0.9503149
1.028902
0.5931629
0.7019988
-0.9894188
0.6024251
-0.1915657
0.5476114
0.6049599
-0.05170904
-1.476359
1.070363
1.127522
0.6653671
-0.7081656
-0.2314553
-0.8186499
0.4403219
-0.9869355
-0.6283848
0.8109222
-2.044202
0.7505868
-0.4585106
-0.6917365
0.762415
0.3086277
-0.02641571
0.2726337
-3.194706
1.431493
1.164196
-0.4693787
-2.51699
-0.6209499
-0.4314515
-0.6275399
1.898181
1.218817
-0.31457
1.056601
-0.1872233
-1.049571
-1.939507
1.668599
-2.092445
1.229708
1.637377
-0.2065802
0.3858765
-0.4488338
2.303447
1.751757
-0.320169
1.180389
-0.2143624
0.4197171
0.2134655
-0.05972442
-0.9690887
-0.1379821
0.9456228
0.01714041
0.6663266
-1.899579
0.04338091
-0.2170799
-1.250836
0.5792504
0.2621947
-0.04365359
0.04365359
-0.5513978
-0.7046031
-0.4162807
0.01775293
0.2127454
-0.7020076
1.126152
-2.517997
0.7477194
-0.7658022
2.350733
-0.2122374
-0.4347237
0.3638753
-1.679508
-0.4333728
-1.009414
0.05482182
-1.918349
-0.4947483
0.9314523
1.21638
-0.3854258
-1.090886
-1.980821
-0.3514303
3.652738
-1.162591
-1.901963
2.013273
2.155155
-0.3908918
0.5178299
0.4881154
-1.087957
-0.9157573
0.2205524
1.059174
-1.288921
-0.5443106
-0.7428029
-0.2799843
0.2053973
-2.69405
0.2487982
0.9322785
-2.056802
-0.1160571
0.3863265
-1.730718
0.6062432
-1.009168
-0.1478207
2.6471
0.8130496
-2.361673
-1.286032
-1.570042
0.5224083
-2.270066
0.1638704
1.734762
-0.4738161
-1.969552
-2.145914
0.5669912
3.901528
-1.256474
-2.550871
-3.708069
0.8108591
-1.104391
0.5320584
-1.946478
0.198566
-3.293672
-3.582789
-3.007838
-2.775386
5.795031
-0.8534914
1.886846
4.756555
1.294916
0.2416278
-2.645486
-2.266997
-3.541651
3.310938
1.728822
3.183736
0.3731392
-0.7366291
-1.837573
3.587779
1.37844
-0.2999135
2.31163
-1.064347
1.43055
0.9665928
-2.17491
0.6952561
-1.161451
-2.212058
0.04342271
-0.3914751
-3.888083
1.417189
-0.8524076
1.364828
0.7306619
1.140606
-0.6235321
-1.860725
0.2456466
0.2450447
-2.318354
-1.006994
-2.621764
0.03317159
-0.8213771
-1.626843
2.44822
1.622807
-3.537884
-1.166902
4.693118
-3.043995
-1.015365
-1.851558
-2.088497
1.554898
-2.865098
3.188072
4.284905
0.5568982
4.697108
-2.453754
1.967795
0.4182947
1.711354
-0.7234725
0.7567363
-2.061
2.061
-0.6562462
-1.167373
0.9662997
-1.022772
1.957666
0.948188
0.7869764
1.287273
-2.481084
-1.230546
-1.56262
0.7899793
0.1011224
1.869005
0.7357404
-1.011664
-0.1327162
2.200058
1.844945
-0.7146295
0.06421081
-1.92252
2.774672
-0.3187042
0.1594748
-1.347608
-0.4532773
-1.109427
0.6540948
-2.787597
1.33187
0.0881662
-0.01101845
-1.587953
2.552772
-0.8767223
-1.162476
-0.7152455
1.409749
0.03333037
-0.7470615
0.04475887
-2.274242
0.8319656
0.136103
3.168137
0.3069819
1.747102
-0.2477205
-1.455602
1.541832
0.2690054
-0.03224139
0.321961
-1.001462
-0.4121088
-1.488962
-1.567487
-1.217467
0.6105865
-2.661648
-1.375473
0.736722
0.7544589
-2.399042
1.912192
0.1973476
-0.9906334
-0.6226878
-0.472536
-1.227154
0.7047798
-0.6927906
-1.606996
0.304044
2.162251
1.743471
-0.526899
-1.002897
1.002897
-1.633362
0.796341
-1.466848
1.312822
0.6617916
-0.9586511
-1.606359
0.84236
-0.84236
0.6864602
-2.429663
-0.9886425
0.6684033
3.395916
0.3214432
3.101298
0.5859751
0.7646234
0.2157777
2.104057
-3.379768
0.9528744
-0.5040045
0.08035356
-0.5061589
-2.298148
1.522459
2.388724
-0.4777691
0.5911841
-0.1928837
0.1588732
-1.324073
0.550022
-0.41223
2.044359
0.9287842
-1.718853
1.473507
0.1004453
1.867554
0.9154423
-0.893543
-1.244576
1.714137
0.3480156
-0.2173645
-0.01088298
1.415395
-0.193299
0.9414908
-0.5552657
-1.011634
1.375042
1.219456
-0.1793323
-0.2113911
0.6328457
-0.2526562
-2.367859
-0.2052867
0.2052867
0.9880845
0.2028528
1.734025
0.2826149
-0.261657
1.590717
0.4117361
0.4100488
1.432155
0.4929319
-0.3921376
-1.022744
1.012667
1.052381
0.3085941
-1.049121
2.087349
0
-0.08857354
-1.537808
-0.2199428
-1.031045
0.1015528
-1.009953
1.293762
-1.160554
-0.03073071
0.9176268
1.250645
-1.037739
1.965566
0.4458813
-0.5651133
-1.280785
0.9421689
0.4876409
-0.2186455
-0.5887399
-1.43133
1.020161
-1.243762
0.9014992
0.07056096
-0.7586139
1.751258
-0.369836
-0.4617081
-0.2417386
0.2316747
-0.8893409
0
-2.144446
0.5791174
1.046268
0.2853059
0.3757715
0.9081808
-0.5136242
0.2722432
0.3116727
0.8595755
0.3774694
-0.4073365
0.3180601
-0.9973156
0.1602434
0.1799651
0.02996055
0.6172274
0.6726039
1.331787
0.5432668
0.04836582
-0.5624549
0.8232074
-0.6580244
-1.014842
0.293804
0.1856236
-0.3520107
1.448954
-0.193279
1.173204
-0.5079226
-1.086224
0.37958
-1.793727
-0.824278
-0.3296232
0.9757176
-0.9757176
2.108681
0.3618006
0.9133391
0.4535612
0.384395
-0.2496899
0.268868
0.2777124
0.3150831
0.3520915
-0.2663361
0.3992458
-1.096975
0.7453441
-0.1715103
-1.266812
-0.1836754
0.2223014
0.04825539
1.351441
0.1331929
0.2089487
-0.09492075
0.6531284
-0.2172336
0.0756087
0.5277114
-0.7452522
-0.4079905
-0.0285247
1.115956
0.02820913
-0.8497851
-0.5038263
-1.044225
0.8438917
-0.9016867
0.413482
1.315555
0.3781099
0.3578879
0.07517527
1.074527
-0.251241
-0.1585137
0.4097547
-0.6994666
0.6715835
-0.7745846
-0.009364313
1.118056
0.1943806
-0.5006046
0.519102
0.3138524
1.11815
-0.2778272
0.6954658
0.06381239
-0.1002963
0.07294729
1.32213
0.01798687
0.08990291
-0.04493821
1.081961
0.09778302
0.3370564
0.3976825
-0.8770026
0.7357881
-0.5846442
0.8316442
0.2463914
0.3947235
-0.02627151
0.7850027
-0.2609788
-0.3228228
1.250562
-1.032326
-1.148881
0.09698039
0
0.4308628
-0.1668514
-0.8207265
0.2919986
1.115855
0.02621413
0.322675
1.056655
-0.3625051
-0.4506507
0.899272
-0.4399731
-0.372473
-0.3042078
-0.2527574
-0.1746852
0.4187426
0.06091902
0.06957297
0.9862585
-0.5871205
0.1816837
0.2589746
0.335671
-1.227644
-0.400941
-1.691073
-1.305337
1.305337
-1.233374
0.5291765
1.111963
0.02653487
-1.438835
-1.277708
-0.1734317
0.08219168
1.314911
0.02702247
1.395244
0.3369439
0.115006
0.5994385
0.7530024
0.5480402
-0.3214974
-0.2352678
-0.2270691
0.3926852
-1.412119
0.1588703
-0.379943
0.767236
0
-1.692181
0.6678862
1.392586
0.09623464
-0.1400105
0.08753261
-1.303297
-0.8813749
-0.7810112
1.066751
-0.08028545
0.6404585
-0.8638025
-1.668433
-1.03296
0.8418002
0.6357851
-0.4173468
0.04545108
-0.8579071
0.5028619
-0.3471637
0.3198011
0.1731714
0.4180295
1.422679
0.3480748
0.5597323
-0.008861915
-0.1329982
0.3719434
-0.9235489
0.7908754
1.510916
0.1394006
-0.9359351
0.490925
-0.9931066
0.7041008
-0.01753969
-0.1492323
0.1876083
-0.379139
0.5022701
0.8577009
-0.3142195
-0.4819735
-0.3431734
0.4134245
0.5340359
-1.398007
-0.0531441
-0.8809044
0.2945002
-0.6974892
0.2598926
0.04473715
0.07154534
-0.3044178
-0.6477119
-0.08126405
-0.4254372
1.261961
-1.862451
0.273394
-0.8408001
-0.1929163
0.933557
0.3001785
0.4259779
0.2438879
0.2072949
-0.7773006
-0.009075813
-1.646876
-1.440214
0.1402871
1.281471
-0.2031893
-1.096972
0.196105
1.03022
0.5616708
1.023116
-0.2912535
0.6994025
-0.2537667
0.1360245
0.6773564
0
0.3145354
-0.8289065
0.5233742
0.1888226
1.125516
-0.4094345
0.6578368
-0.2484024
-0.08886431
0.5143179
0.3267273
0.2025664
-0.7595205
0.3009615
0.4222846
-0.6027861
0.4347237
-1.256082
-0.5393325
0.4586151
-0.6390364
0.477413
0.5019704
-0.07155099
1.676984
0.1670351
0.05269694
0.6824753
-1.078346
-0.832006
0.4080181
-0.3902462
-0.8836564
-0.8101602
0.5588144
0.3767816
-0.8452546
-0.198862
0.6493538
-1.130058
-0.1182597
1.517644
1.1942
0.3007556
-0.01766982
0.2734817
0.03523386
1.251493
1.356216
0.6243838
-0.1450557
-0.1965931
0.07697584
0.7579988
0.7859749
0.244689
-0.7184901
0.5920723
0.1348357
-1.117898
0.475791
0.1524528
0.2366848
-0.07602011
-0.4573179
0.06788375
1.130245
0.08383552
-0.06706514
-0.03354944
-0.9354929
0.582553
0.3529399
0.1006146
0.8677576
0.3483152
0.07447843
-0.05792462
-0.666154
0.02511322
0.7671162
0.240595
0.07454712
-0.2072196
0.5461354
0.14843
-0.1897019
-0.2148712
-0.4726965
-1.229473
-0.6924534
0.5071425
-0.1434288
0.4716973
-0.6914607
0.3294618
-0.8044389
0.5257326
1.034886
-1.0518
-0.610897
-0.6146519
-0.1971423
0.2827351
0.2990101
0.1704569
0
0.6197261
0.6327266
0.3022867
-0.2602512
1.061931
-0.1331694
0.1165299
-0.7515074
0.3597578
0.8565177
-0.07454712
0.372191
0.0660246
-0.811797
0.1329865
-1.497999
0.7141379
0.659188
0.9848236
-0.660998
0.4961608
-0.04950908
0.0412583
1.237976
0.04887423
-0.375326
-1.117974
0.2229446
-0.7035571
0.6210429
-0.8289172
-0.8526308
0.2012731
-0.2961065
-0.3718759
-1.021282
0.08550492
0.1195857
0.1450194
-0.6671244
1.406014
-0.186331
-0.4503164
0.1701668
0.4749436
0.3462954
0.5381782
-1.045363
0.07623873
0.5152265
-1.18645
-1.312934
-1.409205
0.3061432
0.7916217
-1.404849
1.923386
-0.3800005
0.655459
-0.9761275
0.3898684
-1.261714
1.348142
0.559986
0.1716704
0.7689077
-0.0340492
-0.3155006
0.62152
-1.040878
0.5473842
-1.106406
-0.1985549
0.9289607
0.6655874
1.023827
0.4200275
-0.1426098
0.5525305
-0.2340347
-0.07533883
0.5345365
0.1664561
-0.6423891
0.8500734
0.2155368
-0.5064143
-0.09159499
0.07494359
-0.183297
0.4742294
-0.2326792
0.3156453
0.231941
0.1901179
0.2556857
0.3680361
0.03295518
0.05764318
0.08229016
-1.416583
-0.7368966
0.1427783
0.8357758
-0.266689
-0.5439133
0.2932422
0.7999368
-0.8417727
0.3925946
1.135672
0.5097454
0.2620804
0.1389497
0.3912975
-0.05697498
-0.3996889
0.5461146
0.3408305
-0.5849878
0.6659653
-0.2837103
0.1216842
0.3641852
0.6281217
-0.6685233
-0.07275638
0.5966773
0.264945
-0.8050277
-0.6812711
-0.1873458
0.6015276
-0.0486357
0.3965192
-0.6156873
0.6156873
-1.308803
-0.008184608
-0.008179549
0.2288884
0
-0.1879801
-0.8956845
0.3625233
-0.6849575
0.7671722
-0.5273136
1.256019
-0.07345167
-0.1797688
1.162757
0.1696273
-0.3314372
0.8867434
-0.2008436
-0.5564258
-0.3645688
-0.04870677
0.7053329
-0.3325393
-0.8484941
-0.9384321
0.3549989
0.08238406
0.1152169
-0.02467733
0.09867199
0.8103887
0.3093181
-0.3582507
-1.131992
-1.320346
-0.3600892
0.3433729
-0.8479989
-0.1434401
-0.7883735
-0.05959222
1.05041
0.3700929
-1.088941
1.649868
-1.777264
0.3901608
1.537266
-0.2002654
-0.2927753
-1.069623
1.4292
0.2750754
0.2992281
1.040302
0.4261928
-0.1309404
0.09822543
0
0.1308119
0.7732078
0.3399485
-0.05657709
-0.3644794
0.2026507
0.9269409
0.3923599
0.5022172
0.4284709
0.5763218
0.07868902
-0.7104498
-0.1109758
-0.5407504
1.015477
0.1262097
-0.2130735
0.1894223
-0.5852116
-0.0634735
0.261564
0.09494027
0.6778092
0.3919729
-0.2899089
-0.3209248
-0.5157325
0.09541465
0.158816
0.5223207
0.05523772
-1.022886
0.2229115
-0.446321
-0.5446549
1.743601
0.4724465
0.06281923
0.8287163
0.2566014
0.1008965
0.3175743
-0.395177
-0.0932189
-0.2723561
-0.3982063
0.3826171
-1.84054
0.356589
0.1027829
0.0868852
0.5511367
0.9222356
-0.07782007
-0.734552
0.6956134
-1.167311
-0.4976943
0.2610046
-0.8886087
0.9044092
-0.1659875
0.1817784
-0.1817784
1.05446
0.3516292
0.7460456
-0.2713542
-0.2487316
0.6052152
-0.1470889
0.2553307
0.03863174
-0.9546512
0.8850982
-0.007725428
-0.4649055
-0.4592675
-0.1561623
0.2107678
-0.6728826
0.9454296
0.1864704
1.042433
0.4445489
0.2062753
0.08350782
-0.1608942
-0.6307775
0.6077712
-0.2073048
0.07683313
-0.146027
-0.617193
0.62488
-0.1770358
0.02310904
-0.0770581
0.6377539
0.3440742
-0.1069192
-1.021477
0.1542827
-0.8514689
0.186398
-0.1319912
-0.0388569
1.57313
0.191095
0.1373688
0.01524249
-0.1831566
-0.4133571
0.02300802
0.4819694
0.3352399
-0.8172093
0.7487322
-0.3736657
0.3584385
0.8791954
-0.1208117
0.1962368
-0.05279029
-1.214441
-1.314437
0.2009701
-0.1468274
-1.920734
-0.5058092
0.7026984
-0.7661065
-0.76403
0.7957391
1.22885
0.507597
-1.791943
1.111958
0.9522348
0.2095248
-1.468086
-0.2441658
-0.7519701
-0.08743771
-0.3186
-1.090891
-1.168177
0.7722022
2.09927
-0.7277695
-0.7893114
0.3390365
0.7386674
-0.4409379
-0.0160683
0.441003
-0.867819
0.6756207
1.999906
0.007858574
0.4077189
-0.572845
0.2907566
-0.6534178
0.1893767
0.4404994
-1.073159
-1.639711
-0.3878504
-0.1458325
0.5094872
1.377896
-0.6865746
-0.7074593
1.806894
0.3559184
0.134126
-0.09466199
0.9973022
-0.1016339
-0.4939807
0.6737205
0.2651042
-0.1714606
-0.2342797
-0.383846
-0.3380647
0.3066643
-0.2830421
0.07870219
1.188724
0.8283963
0.2541117
0.5062937
-0.4294133
-0.007692603
-0.2770511
-0.08480861
0.1233362
0.4764803
0.114945
0.0612479
-0.0153119
0.5952845
0.1900491
-0.8848963
-0.460788
0.2844039
0.09973916
0.9767327
0.4016519
0.007559085
0.233676
0.136306
-0.2500482
0.52966
-0.4841526
-0.3037855
0.7652964
0.8268904
0.119709
-0.03739521
-0.08231377
-0.3750098
0.210178
1.162975
0.1925177
-0.1258359
0.05923806
0.1331617
-0.1183542
0.8622317
0.2564993
0.1535752
-0.3147245
0.1318623
0.1609379
0.02192436
0.4593388
0.2978059
0.3402972
0.3103189
-0.6288611
-0.07254171
-0.01451742
-0.6772223
-0.05847245
-0.1756228
1.121568
0.3831
0.2162029
-0.5269138
0.04342088
0.2456449
0.747662
0.2860887
0.2567769
0.02848504
0.05695714
0.0995938
0.1988912
-0.4052994
-1.384682
0.4325309
1.037611
0.0427032
-0.2208357
0.7601841
0.4308076
-0.08459885
-0.4382526
0.1840145
0.2894999
-0.07758843
0.1057823
0.8772294
0.008839045
-0.2743672
0.19003
-0.05626811
-0.3665101
-0.6162112
0.5879675
0.6547195
-0.210725
-0.4157509
-0.1766847
0.2119864
-0.8008299
0.4614419
-0.08502445
0.3326042
0.4370899
0.7568368
-0.195666
0.04195888
-0.3361896
0.1962532
-0.308557
0.2945496
0.8020925
-1.180966
-0.09141672
-0.05630375
0.5195841
0.6700709
0.5964791
0.1382054
0.02762411
0.02760613
0.2206192
-0.1309327
-0.7475132
-0.3410038
0.8399668
0.6545633
0.1304019
-0.04802731
0.2124942
-0.04109102
-0.07538188
-0.3915189
-0.08951355
-3.984085
1.019866
-0.2984638
-1.318163
-0.9564539
1.696479
-0.1002643
0.841965
0.0284129
0.149062
-1.962536
0.7422648
0.1363243
-0.27911
1.198305
0.5477156
1.632339
-0.07679688
0.1465653
-0.132595
-0.2377097
-0.7306439
0.1057077
0.02112829
0.1126154
1.0705
0.1112917
0.2707482
0.1385597
0.117626
-0.4088264
0.4433982
0.4552066
0.9451409
0.2654952
0.1223047
-0.02717012
0.9396716
-0.3775096
0.04051388
0.9139856
0.1136616
-0.08021593
-0.8327266
0.2559302
0.5834798
0.5402081
0.3783932
0.01987544
-0.1325801
0.2716069
-1.050752
0.8520881
-0.2189868
0.02657456
0.6817374
-0.1980872
0.8686498
-0.05243283
-0.07869557
0.0131234
-0.9093993
0.4161882
0.3619278
0.8111983
-0.1042953
0.4944675
0.01298202
-0.396633
-1.080814
-1.821005
1.292739
0.1719985
-1.096545
1.485737
0.6365908
0.5646764
-0.1176677
0.2482396
-1.399455
0.5542354
-0.9453632
-0.4793943
-1.033156
1.41286
-0.01329144
0.0332356
0.9000127
0.3616898
-0.1050854
0.5243183
0.07841741
-1.434146
0.706488
1.56671
0.2975083
-0.01291914
-0.05168422
-0.1811002
0.3876764
-1.017611
0.3057218
-1.749314
0.20468
-2.396401
-1.985534
1.552224
-1.132734
0.4860472
0.7958502
-2.608249
1.662053
1.061305
1.384429
-3.008155
-0.4687992
0.3586877
-1.540414
-1.387103
0.7487589
1.820071
-0.04838984
0.2002929
1.179794
-0.08867893
1.227757
-0.9347162
-2.22254
1.943141
-0.266493
0.9804682
1.004496
-0.8690788
0.2298
-1.400429
-0.1918825
1.159323
0.2573065
0.7008648
-0.006722407
-0.5387138
2.901455
0.5885793
-0.706718
0.2680421
-0.1844162
-0.1979696
0.5270471
0.5896204
-0.3336896
1.120972
-0.1361957
-0.2013818
0.1559487
1.181155
-0.5339878
0.9374014
-0.1662904
-0.4812483
0.5516377
-0.8479572
-0.7966596
0.305166
-0.3637063
-2.650474
0.5795926
0.807151
-0.1846716
0.2373732
1.165468
0.3314447
-0.6966446
1.033447
-2.368597
0.1124958
-0.7634852
1.33724
-2.773698
-0.508355
-1.382167
-0.9971015
3.002491
-0.2772641
-1.452913
0.1716267
-1.402197
0.6102682
-2.067695
1.714476
-2.231051
1.142796
3.148343
0.03396962
1.000557
-0.6614123
-0.8978376
1.660096
1.421211
-0.0198761
0.7723052
-2.78027
0.9822408
-0.207752
-1.276053
-1.437193
0.5567967
0
0.6286736
1.424017
0.7398413
0.2142092
-1.265076
-0.2508697
-0.7427352
-0.8793173
-0.04830533
-2.481172
-0.08495293
-1.628024
1.045549
0.6532708
-0.8101231
0.8030495
-2.225893
-0.8649896
-2.625796
-1.032059
-1.019871
2.373685
0.8406254
-1.455096
1.640123
0.4941917
-0.7385012
1.807006
1.595995
-1.268939
-2.713902
-0.8084496
0.6592203
-0.6441865
0.5097028
0.9228353
1.0171
-0.8838513
-0.022196
0.280799
0.2947202
-0.8348503
0.6138861
1.252998
0.7472188
-0.1012365
-0.9815092
-2.253587
-0.2394188
-0.3827503
0.6296378
-2.091513
-1.035398
-1.327098
3.530686
-0.939547
0.2205187
-1.561689
-1.015865
4.070353
-2.508181
1.826334
1.979074
0.09645362
-1.231136
-0.315812
-0.9610759
0.3491775
3.455553
0.06585636
0.2484081
-0.1095127
0.05112872
-0.1022719
-0.7262126
0.1397845
-1.959973
-0.3379613
0.232943
2.673343
0.1460365
1.038004
0.0505411
-0.441247
-0.1596177
0.4347246
0.9211341
0.02148695
-0.3946781
-0.5913387
2.047462
0.2759794
-0.4816847
0.8625626
-1.797114
-0.258361
-0.1870172
1.116859
0.01423009
0.206228
1.242512
0.0911708
0.2730036
-0.8142138
-1.705915
0.01432975
-1.349467
0.7383349
0.460498
0.501252
0.2496923
-1.038514
-0.5848589
-0.05069864
1.979975
-3.241346
0.2418396
-0.4989686
-1.482167
0.3800407
1.256481
0.05874294
-0.4856441
-0.978443
0.1265478
-1.628102
-0.09885185
-0.1979859
0.4714807
-2.753598
-0.5473872
0.3522402
0.312063
-1.72852
0.1029728
-1.026549
1.760135
-1.944272
0.4078553
-1.172051
-0.9085032
-1.419746
2.425104
0.995351
0.6210753
0.05554894
1.128084
0.5397979
-2.097204
-0.02390454
-1.47723
2.112755
1.766068
-1.331471
-0.5296648
-0.9317256
2.660511
0.4430743
-1.500373
1.841064
1.030471
-1.045923
-0.6048397
0.7516102
0.4851613
-1.376877
-1.096417
0.4635307
0.1722931
1.43719
-2.049393
0.2908709
0.9686866
1.205483
-1.081182
-0.6230996
-0.08598195
-3.056884
0.3139459
2.04454
-3.013694
0.4049572
1.43645
0.4610453
-4.875448
1.659894
-4.600532
2.923986
3.872507
-2.289963
-2.30144
0.3200247
1.551842
0.04965817
-8.160234
4.055621
0.06033183
-3.694861
-1.35922
-5.227634
-4.582
-2.551517
-7.239763
-2.455477
13.55773
-1.491081
-10.36372
4.081311
-0.5989942
5.834379
-3.030999
-5.59932
1.151774
-5.204555
-3.614645
11.0517
-0.7278987
3.400899
0.5488534
0.2887483
3.341748
-4.293642
-5.700555
3.248445
-1.319129
-3.136222
-4.499873
6.047379
-5.11951
-1.336532
1.866181
-6.622424
-7.713287
5.253838
6.69956
0.7381895
3.791323
1.250988
-9.27493
3.776283
2.375687
-2.340504
3.036655
3.431846
-1.662088
0.6792532
-2.437637
1.186919
-1.403212
4.599148
-0.9733757
-1.886008
-0.4272289
-1.289609
-1.039143
0.5786383
0.5753093
-0.2872409
2.34261
1.417352
2.969652
-0.1184016
0.6655274
-3.041402
0.4072462
-2.165193
-2.431384
0.1838493
-3.195978
0.03555016
0.7789441
-5.423049
4.228552
-1.558788
0.4341029
0.6834957
1.010649
3.327436
-3.303774
-2.055277
-0.3022794
1.394919
-0.4908084
1.477094
2.809865
0.1378619
-4.689182
0.5878453
0.07175177
-1.081614
-4.371607
-0.240129
-1.081365
-0.9768741
-3.643457
3.720933
-0.7904155
-1.639488
-2.260214
-4.608858
-0.7535374
2.341437
-4.170532
0.1742594
-1.182232
5.790036
0.6491301
3.861694
0.7784141
-0.3027248
3.012431
2.213739
-1.246316
-2.136382
6.936653
-1.989997
1.049067
2.017575
-1.821323
-3.516572
0.9222427
1.918107
2.881836
0.9899323
-0.7863784
-2.360165
1.072001
3.897368
0.02330925
-1.739383
1.061333
1.45563
0.6682845
-4.28193
1.934891
-0.6132059
0.9769979
1.499768
-0.9507411
-0.3150297
2.104609
0.03432184
0.5361955
3.34539
-0.341689
1.718612
-1.398928
2.306458
-1.889107
-0.2963583
-2.549541
0.8533647
-0.8195421
2.801121
-0.1206471
-0.6716988
-1.446723
-0.21321
2.528979
-1.801458
1.384373
1.755293
2.391997
0.08438035
-1.273223
0.9352784
0.0211593
-0.4133321
0.5084704
-0.2539115
0.4439263
0.2738306
-2.3195
-1.365582
-0.09825428
0.7291734
0.3660501
-3.044579
0.07837318
0.858093
2.151564
-0.2609897
0.9320551
-0.8123522
0.4124219
-2.767283
-0.01112967
-1.956663
-0.06815631
0.1929932
-0.2384592
2.403799
0.5644451
2.882672
-0.1609712
1.089517
1.056757
0.4614618
-0.02092612
2.18424
0.4087416
0.2953009
-0.4688135
-0.2454711
1.039125
0.1417865
1.636174
0.2585265
-0.2883996
-0.5192223
1.302918
-0.2077255
-1.255497
1.067182
0.760986
-0.7709072
-2.491339
0.7902777
0.8741578
1.02514
1.941618
-0.009712038
0.1940618
0.00969321
0.2226849
-0.01934423
-0.8939041
-2.230429
-0.3799625
0.8280588
1.391172
0.8585419
0.7645075
1.016698
-0.01908761
0.4855996
0.4170622
1.502094
-0.1491981
0.06374414
-0.2533191
0.5807435
-0.8347059
-1.108018
-0.5347096
1.774493
-0.301432
-0.3875424
-2.512599
-0.4672451
1.481796
1.422255
0.2744784
0.7626797
0.6078478
0.3908072
-0.2045181
1.70692
0.3652639
-0.7502322
0.8231252
-0.5296816
-0.9014042
1.011224
-1.149914
-1.088433
-0.459383
-1.906807
2.122699
-2.940129
0.7311943
0.3158351
0.2576706
1.822783
0.2617069
2.252056
0.01825151
0.5096944
-1.022
0.5396766
1.440047
0.1168277
-0.06289026
-1.311702
-0.3557586
1.262219
0.1532844
0.3507671
-1.638416
0.3371148
1.22945
-0.04493372
-0.7850963
0.5691329
-0.1532567
-1.115911
0.3733556
0.561952
0.4239014
0.6816781
-0.4659089
0.1525553
-1.208855
0.5613097
1.011113
0.3586483
0.1967096
0.4723085
0.213144
-0.1420455
-0.03554292
-0.9644654
1.681759
0.2643639
0.07037917
0.421238
0.3322262
0.1395552
-0.9370006
0.8410773
0.2700938
-1.128769
1.241817
-1.022066
-1.941636
-2.254407
0.5114633
-0.4199385
0.4745833
-1.153859
-1.092806
1.543112
1.203077
-0.4995242
-3.135227
0.2064759
-0.7245386
1.248198
-0.196051
1.041192
-0.0832678
1.56124
0.4727282
0.5877848
0.2071606
0.0179937
-1.221901
0.9155664
-0.1354463
0.06323111
1.033113
0.2766747
0.08908687
0.3023031
1.419214
0.01750394
0.1661348
0.4445808
0.4166311
0.008661383
0.02597965
0.7934496
0.5909828
-0.05125139
-0.5050497
0.533197
0.7008576
-0.4866605
-0.1627479
-0.06002658
0.6327511
0.06816633
-0.3412973
0.6814336
0.8116379
0.2354921
-0.5728744
0.3458022
0.6545844
0.1588032
0.07513462
1.128549
0.08248103
-1.604024
0.3763018
0.8891163
-0.1821645
0.2979148
0.6506633
-0.3783522
-2.393476
0.7567513
1.232117
-1.710727
1.287859
-2.379563
-0.5974243
-3.377757
-1.498692
4.309875
-0.2844952
1.388911
-1.250873
-1.827091
0.05266854
-1.369582
-0.5710223
-3.849084
1.449368
-1.291412
0.102074
-0.6046811
3.294934
-1.262907
-1.696675
2.5706
0.3438295
-3.576899
-1.252901
1.065495
-0.536043
2.88124
0.4843952
-0.1551166
2.2483
-0.03572066
0.1606426
0.1080921
-0.2868156
-1.665348
-0.3107864
-1.670937
0.4180414
-0.315692
-3.136178
-0.9545461
-0.446646
-0.5464494
0.6534377
3.101024
0.9846753
0.7437743
0.06481782
1.49757
-0.009119511
0.02735604
-2.792083
0.5889243
1.103038
-1.3083
2.207636
0.8641524
1.036185
-0.008964188
-0.6475425
-0.4884235
-0.01813565
2.232976
-0.4800436
0.6661066
-0.1062793
-0.4084538
0.5324354
-0.5413334
-2.778959
-0.6148783
-0.2950127
-0.04617445
1.221039
0.1823321
-1.754995
-0.324962
-0.3820177
-1.495443
0.3877623
-0.6724465
1.537114
-1.461119
0
2.947306
0.9269098
1.288818
-1.133645
0.6998438
0.4608511
0.5035982
1.106166
-0.06212007
0.3809866
-0.02653341
0.03725975
1.517453
-0.2015865
-0.4925252
-0.8144521
2.041246
-0.4801616
0.3494369
-0.1745658
-0.297463
0.4196911
-0.7532003
1.99319
-0.008618089
-0.1207313
0.5593096
0.09434368
0.3081403
0.7747027
-0.3908578
0.2041164
0.4915681
-1.319112
0.9718747
0.2203391
0.1860623
0.2952966
0.01684778
-0.286799
0.01689332
0.07598464
0.03375243
0.7899201
0.4009695
1.907494
0.3755413
-0.1875944
-0.7210191
0.4021178
-0.3774518
-1.190884
-0.1415311
-1.570207
0.05076572
1.461106
0.274714
-0.083167
-1.458289
1.466609
-1.171562
0.3025721
-0.5638559
2.104462
1.272752
0.268894
-0.1058417
0.05700558
0.3656905
0.3886015
0.5800854
0.06424671
0.08827188
-0.4582554
0.5785007
0.1063046
0.2410608
0.6320274
0.3105469
-0.1432095
0.039801
0.1431526
0.07149951
-0.1589573
0.0238597
1.02849
-0.0551116
0.5184208
-0.1960554
-0.1964406
-0.1259248
0.35376
0.8984084
-0.163456
0.7218567
0.1700024
-0.9853825
-0.1326415
0.226165
0.5670579
0.05420684
0.3863395
0.2464763
-1.761716
0.7488335
1.588192
-0.1914023
0.2219927
0.2825184
0.6232918
0.4536184
-0.226552
0.03779432
0.5952623
0.2401142
-0.3152682
0.6295457
0.2983963
0.2083489
-2.027401
-0.616323
-0.06871541
1.063597
0.6177509
-1.681348
0.2136264
1.707764
-0.7520529
-0.7881814
0.8711846
-0.1434125
-1.867931
0.6902397
-0.6056211
-1.152327
-1.868626
1.314824
0.3617384
1.537894
-0.3474505
0.2857696
0.9518033
0.3051108
-0.2440142
0.6696114
0.6877554
-0.1356648
0.4214652
0.08257949
-0.01500938
0.3147249
-0.2547009
-0.3456311
-0.3015229
-0.7502024
-0.007606587
0.07603985
0.3641886
-1.127202
0.5728049
1.353979
0.5095934
-0.1047042
0.8568394
0.6507455
0.3237916
0.234828
-0.1540437
-0.3603607
-0.6652893
-0.9089617
0.4406116
0.3867326
0.8499996
-1.058054
0.4749193
-0.7728933
-0.6361583
-0.01501727
0.8896257
0.237883
-0.7976486
-1.166874
-0.08333018
0.3329049
0.4597016
0.3827253
1.035738
-2.271717
-0.1062216
-0.9994361
-1.063758
-0.06201551
-0.4196136
0.760224
-1.400801
0.07833921
1.260619
-1.79454
0.2201951
0.2961988
0.5103053
1.361094
-0.6043719
-0.2879716
-1.168137
0.8871501
1.296854
0.852769
0.9516993
1.466798
-0.08217234
0.1195011
1.0322
-0.7117468
-1.82458
-0.4328518
0.334296
-0.6926237
0.5787846
-0.8234892
1.610121
-0.06029091
1.377577
0.06689709
-0.558848
-0.374308
-2.068804
-0.2913889
-0.685805
-0.4261755
-2.587945
0.540413
-4.797414
-0.1497878
-6.734058
4.54505
-4.51833
4.390567
0.6710579
2.094405
-0.8575882
0.06687286
-4.40758
-1.646526
0.07986866
3.238054
1.398624
-1.536129
1.442928
2.833098
0.2633313
0.4428052
-1.052814
-2.588193
-0.7324168
2.781703
-1.044592
-2.655927
0.6449139
0.9129367
1.374911
1.711005
0.5870526
-1.000711
-0.1164338
-2.990088
-3.285842
0.6007085
2.350182
1.112168
-2.062992
0.7872353
-2.530676
-2.887057
2.168619
1.83459
1.792954
-0.6718372
3.289854
0.1003009
0.873368
-0.1989555
1.694956
-1.927572
1.93573
-1.189953
0.436592
1.880933
1.218647
-1.96353
1.010722
3.424207
-0.02332543
-2.440105
-2.828471
1.617987
1.806315
-0.6117685
0.619689
1.274905
-3.7608
0.9374564
1.864744
-0.9519348
0.4929643
-1.599011
-1.600424
-0.1065181
-1.920271
-0.3935529
-2.23127
-0.1889223
2.855521
0.2836171
4.032541
-0.01600256
-0.08805989
1.083331
0.03168568
0.3715566
-2.218058
1.68004
-1.470497
-0.9382905
-1.070315
0.3607744
0.1473214
-1.074924
2.98114
0.1934704
0.8819813
0.8900957
0.0790889
-1.321044
1.028102
-0.4928076
1.581061
0.1567398
0.2658952
-0.2580647
0.2424433
0.8633147
0.05419425
0.2396507
-0.5186774
0.3873272
1.099546
0.5262568
0.372044
-0.2580059
-0.1140381
0.833275
-0.5142955
-0.04550626
-0.3419586
-0.03806768
0.8719112
0.1584009
1.392134
-0.06691699
0.2525629
0.2963185
0.1256699
-0.7415131
0.7415131
-0.1256699
-0.4671
1.101227
0.2642591
0.04397537
-0.3229361
0.4401093
0.2193304
0.1678281
0.2912058
-0.3933285
0.5168346
-0.3054104
-0.4086702
-1.473323
0.6951662
0.9899982
0.3860024
0.007268763
1.786534
-0.1071543
0.5772742
0.1376894
0.3912507
-0.2915143
-0.1639053
-0.7229551
0.3227544
1.393751
-0.3111962
-0.4970895
-0.1710011
0.4127532
0.7288198
-0.4097498
-0.9960242
-0.05006258
-1.129468
-1.69273
0.8061605
1.298107
-1.19597
-0.06564791
1.470348
-0.3385073
-0.6441596
0.1668662
-0.8444398
0.379424
1.359876
0.6944721
0.1639637
-0.3710844
0.6200797
-0.2988688
-0.765465
-1.628995
0.07296607
-0.4019739
-0.5949557
0.2060642
-0.3018815
-1.112276
-0.5758102
-0.3832142
-1.494207
-0.8595602
1.704218
0.1741303
0.05293606
0.1963747
-0.3249823
1.203927
-1.46164
-0.2203397
-2.549921
-0.04682744
0.7543684
2.221973
0.06060147
0.7920087
-1.277852
1.142524
-0.6415358
1.054465
1.012509
0.1936397
0.9626139
-0.1622539
-2.269432
0.7672095
-1.616471
0.5013303
0.8976112
-0.2857575
2.462098
0.3007962
0.6571285
-0.4522254
-0.9549066
-0.1255493
-0.8758313
0.01490868
-0.4856736
1.663858
-0.2360057
0.6843546
0.7379568
0.2617232
-0.9190437
-1.016359
-0.8623948
0.02239725
1.636286
1.826502
0
-0.7019096
-0.08717763
-0.6928518
1.963902
0.1935693
0.5001082
0.1210783
0.08537887
0.1634394
-0.04971414
0.01420656
0.1135799
0.7351415
0.1337228
0.007033091
-0.3028705
0.0423161
-0.8213017
0.6024755
0.02119767
-0.09896092
0.07776325
-0.7234074
0.4757687
-0.09213651
-0.0851245
2.009341
0.3887544
-0.5697625
0.2783385
0.3329868
1.51216
0.4424334
-0.3401595
-0.08181075
0.05454794
0.0068164
-0.04128042
-0.1509331
-1.069898
-0.5636954
0.9377348
-0.4642952
0.2635962
0.1038601
0.4074732
0.7142397
0.006842988
-0.3427243
-0.9936598
-0.6400467
0.05581915
-0.3283846
0.8293597
1.008226
0.4524584
-0.2602563
-1.680479
0.013947
-1.397347
-0.2832462
0.2903171
-0.05658109
0
1.041603
-0.8931456
0.2046506
0.779471
-2.292445
-1.209692
0.08689356
0.07958616
-0.3477508
-1.359074
-0.1693481
0.4925213
2.003697
0.04311584
0.1866208
1.353297
-0.2124647
-0.5117646
0.80202
0.465478
0.02110669
-0.493654
-0.1414928
0.1768347
0.3386486
0.3024019
0.042123
0.6785378
0.04878899
-0.6150855
-0.3722829
1.168377
1.106742
-0.7457053
0.5735823
-0.9055277
-0.3086206
-0.4223871
-0.1341287
-1.086697
1.685354
2.530727
-0.2261902
0.4382068
-0.2736541
-0.2881451
0.2538856
0.791813
-0.006799251
-0.06801796
0.06801796
-0.01359989
0.6439609
0.2227248
0.5378887
0.1608041
0.02677555
0.5606369
-0.1198722
0.392379
-0.392379
-0.246856
1.023469
-1.130406
1.004699
0.07279706
-0.1323977
0.5548964
-0.0197648
0.1645874
0.08547852
0.09197215
-0.1182655
0.7466631
-1.254161
-0.609758
0.9725193
-1.921027
0.6822313
1.251962
-0.1976806
0.3292509
0.5310966
0.891904
0.1360148
0.1810657
0.4255051
0.3788491
-0.2245678
0.1412158
0.5309804
-0.1317016
-0.553412
-0.2325733
0.6961034
-0.8579314
0.8001075
-0.4186128
0.7970731
0
0.3068468
-0.3965214
0.4922182
-1.019076
0.405028
-0.4501326
0.6744413
0.3450924
1.217439
0.3271884
-0.2452909
-2.344654
1.465486
-1.471932
-0.6273262
0.8655826
0.4428052
1.02565
0.06335931
0.4045518
-0.17679
0.6676349
0.2382596
-0.8806196
0.9244477
1.008977
0.2537523
0.505581
0.4540721
-0.2820185
0.3248647
0.07952287
1.028083
0.5371976
-0.4706459
0.9630507
-0.005990355
0.1436696
-0.7445246
-0.2896978
-0.08465353
0.5970887
-0.6515467
0.3685248
-1.445603
0.5491167
-0.4818405
-1.409992
0.9012407
1.264023
0
-1.036911
-0.8311576
1.509416
-0.629221
0.7691876
0.7874533
-1.391316
-2.509037
0.3188888
-1.271646
0.9568238
0.9852296
0.5852703
-0.410576
0.5842518
-0.09300308
0.0434122
1.073091
0.5688611
0.7171539
0.03632841
1.352875
0.04179728
0.3813387
-0.3753691
0.2563569
0.5462872
0.1774938
0.19488
-0.2126152
-0.3672337
0.2429991
0.1064963
-0.3079659
0
0.07115328
1.149201
0.1697843
-0.1463486
-0.5698691
-0.3245702
0.3658037
-0.288992
-0.1181963
0.2952293
-0.5142615
-1.408474
-0.3311162
-0.6412605
0.49039
-0.6179216
0.9073923
0.3366602
-0.3727982
-1.621509
0.3544803
0.158498
-0.3172475
0.4511653
0.8238976
0.1266166
0.04819277
0.9530446
0.7370018
0.3133594
-0.2659969
0.2246661
0.5770832
0.4452524
1.150774
-0.1677222
-0.6982238
-0.46382
-0.2356685
-0.2894529
0.383787
-0.4607214
-0.5342527
0.7885027
-0.09452913
-0.9263724
0.7548103
-0.8682262
-1.171501
0.07249004
2.132888
0.6422554
0.3985937
-0.7280445
1.38692
0.6661092
0.6731707
0.00573411
0.5774579
-0.4800284
0.3316942
0.4557114
0.1590096
0.5319764
-0.4979357
-0.2840265
0.2386365
0.3512353
-0.3171909
0.5092813
-1.272383
1.340092
0.01692
-0.2032292
0.7992388
0.4976943
0.4341541
-0.3505164
-0.2176037
-0.313287
0.8036206
0.499003
-0.0996016
0.02767706
0.2432284
-0.06627637
-0.2600062
-0.4329972
-0.01112718
-0.4405171
1.111493
0.2539053
-0.3589677
-1.129453
-0.3306715
-0.01122839
0.6212765
-0.3185517
1.692839
-0.115642
0.5770141
0.5328365
0.2189023
0.5071032
-0.005439069
-0.01631898
0.4721726
-0.9629845
-0.01640196
-0.2902124
0.6122914
0.02179837
0.0653666
0.2719018
-1.33944
1.083873
0.5375627
-0.1300531
-0.4238446
0.2936221
0.06513244
-0.8226912
-2.156686
-0.4931363
0.5937062
-0.965161
1.054472
-0.5875622
-2.276244
0.6980232
-0.1255135
1.3101
1.231956
0.1834914
1.088439
0.04944376
0.5149568
0.5503651
0.1194808
-0.6643819
0.5883652
-0.1141335
0.5531467
-0.03786342
0.005409938
0.5233778
0.2526136
-0.7056888
1.395771
0.09058696
0.2287661
0.04250345
-0.05313214
-0.4954857
0.02670156
-1.12765
-0.2812029
0.9002999
0.711252
-0.5343035
0.5822511
-0.3871078
-0.4143913
0.4734501
-0.7218303
-0.2110676
0.4917998
0.8161119
0.6608775
0.3341026
-0.1324468
-1.189252
-1.111302
0.4114341
1.069356
-2.12297
-0.9049339
0.7847482
0.6863894
1.042323
0.1395898
0.3481245
0.4534187
-0.2344542
0.2025155
-0.8232699
0.31621
0.4644591
0.297825
0.01062022
-0.1434682
0.1912453
-0.874206
0.5872007
-0.1065076
0.1490789
0.9689024
0.08953259
-0.4749099
-0.8819055
0.3462515
0.3662522
-0.632493
0.8389133
0.2429237
0.4000637
0.6127759
-0.07312615
0.5159621
0.1610181
0.1141138
-0.05185377
0.2020778
0.65009
0.477132
0.1023123
0.01022547
-0.348254
-0.7105009
0.3043828
0.08238505
0.2775495
0.7312927
0.1120334
0.2016949
-0.03062631
-0.6042314
0.4509591
-0.07160759
0.1942443
-0.05108035
0.6670935
0.1014559
0.4906061
-0.3487406
-0.6450816
0.447428
-0.396483
0.1374221
0.5022714
-0.1874225
0.369443
-1.143102
1.016734
-0.1873181
0.4348492
0.2217519
0.005034106
-0.4692594
0.04045308
-0.430653
0.01523113
-1.99458
-0.3060248
0.7194834
-0.9743534
0.03124349
-0.5429405
1.150246
0.289376
-0.139416
0.674617
0.471071
-0.02043527
0.8344406
0.5205318
0.2667943
0.2911502
-0.1555093
0.5057724
0.06491399
-0.03994208
-0.05494643
0.2843959
-0.04983554
-0.0548478
-0.1447431
0.4485206
-0.2588998
-0.635145
0.3755732
0.1148937
-0.5858365
-0.07535606
0.7510174
0.1345862
0.5315858
-0.08962989
-0.7752946
-0.5740775
0.7797409
-1.626709
0.7914002
-0.1820757
-0.2635849
-1.364459
0.01543488
1.09492
-0.117105
-1.555672
1.733821
-2.003252
-1.147998
-1.656342
0.1546213
-0.678911
-0.08585995
1.174161
0.9662931
1.961714
-0.7136239
1.155784
0.7665614
-0.1375481
1.140494
-0.1513165
0.639012
1.137056
0.05453239
-0.3475329
0.6296345
0.3995172
0.09348324
0.3142495
0.09800079
-0.1078062
0.1127037
0.024484
0.06363036
0.5757237
-0.1606739
0.1752678
0.5336451
0.280234
-0.07239907
0.2555758
-0.2121301
-0.6974069
0.644304
0.3855612
-0.1106967
0.1635953
-0.6705121
-0.06778348
-1.616128
0.5057087
-1.629344
-0.6893134
-0.8051978
1.941517
2.442787
0.4222242
0.4589491
0.1348683
0.009626492
0.3219531
0.1342411
-0.538049
-0.9972489
-0.05353189
-1.822475
-0.9463636
1.238421
1.758944
-0.804588
-0.7864381
-0.2816694
-0.6055511
-0.9202826
1.302901
0.2130348
0.5035307
1.47615
-0.5497861
0.2339068
-1.327833
-1.290725
0.920107
-1.265461
1.2308
1.435761
-0.3815118
1.004446
-0.276921
-0.4485843
1.059703
0.05800745
0.9570832
0.4107959
0.1571841
0.00951837
-0.07140987
0.598264
-0.01420286
0.2836747
-0.08501795
-0.1182005
-0.3412002
0.6293644
-0.4112412
-0.4224523
0.1093475
-1.41643
0.4136013
-1.635494
-0.2344438
1.263379
-0.6151183
1.327208
-0.2976907
1.194986
-0.4571872
0.8748304
-0.1950478
-0.5634894
-1.47622
-0.2384255
0.228705
1.212605
-0.8777909
-0.3542575
0.3591017
0.6710625
-0.2649902
0.3371385
0.4413747
0.544232
-0.4533207
0.1911224
0.4477051
-0.02851711
-1.157022
0.9095324
-0.1192037
0.4902087
0.25131
0.2317827
-0.4166475
0.3173779
-0.4123131
-1.007096
1.078306
0.2843334
-1.15179
-0.41253
0.398168
1.308016
-0.4784132
-0.2995794
0.01904762
1.037359
0.1083245
0.3101944
-0.03285382
-0.07043742
0.2908206
-0.2391616
-1.08099
0.9447401
-0.1128987
-0.6232315
0.2034492
-0.09930722
0.2646004
-0.8482458
-0.1714694
-0.6456418
0.01439298
1.196934
0.3265425
-0.8159825
-0.3961535
0.5484692
0.1615816
1.001662
-0.4098132
0.5110018
0.07548238
-0.7288938
-0.3235479
0.03335478
-2.133119
0.2042008
0.8126587
-0.1205139
-0.3140175
0.6462837
-1.687149
0.1319229
1.300106
1.092907
0.4566218
-0.04271983
0.775601
0.09417527
0.07057329
-0.4052977
-0.222196
-0.5457622
-1.05244
-0.5787611
1.235444
0.6951085
0.02371973
-0.1756594
-0.3427106
-0.1956808
0.3719426
-0.836425
-0.2065968
1.294965
-0.9396907
0.1245271
-0.1053589
0.3157444
0.571539
-0.2996506
-0.7890814
-2.071432
-3.177242
-4.200757
-1.205122
3.901938
2.275134
0.04016064
-0.8569033
-2.964436
1.880318
0.1227433
-1.576377
2.497246
-1.3768
0.5581029
0.4534
-0.3870447
1.252457
0.8479942
-0.2200881
-1.66963
0.5513031
-1.301448
-0.1548387
-0.3466746
-0.0311042
-2.605326
0.09042794
1.849027
0.2814554
1.482733
1.76384
-0.3432093
0.8157145
0.8986132
0.05962141
0.09432792
-0.6322046
-0.4805536
1.523782
0.4536273
0.04918355
-0.1279276
-0.6222857
1.6509
1.119388
-0.2557238
-0.2031145
1.140779
-0.02393318
-0.4606313
1.176147
0.2895182
-0.2942714
-0.1093858
-0.05235727
-0.9375368
0.2304148
-0.3939472
-1.405811
-1.129179
1.509241
-0.07297672
1.574151
-0.08627301
0.3637586
-0.1147282
0.1338368
-0.0143311
0.1145913
-0.4160197
0.9490497
-1.025748
-1.410175
1.93152
-0.607701
-0.674214
-0.7810076
0.257776
-1.957144
0.5039785
1.044306
1.452599
-1.535548
-1.787058
0.8215337
0.9033307
1.230725
-0.1651688
-0.2287718
1.061545
-0.7112991
-1.005377
-1.407811
0.168993
-1.269443
-2.428405
-1.103727
0.09895217
0.8035935
-2.525691
1.628354
-2.169988
0.1330247
-1.28979
0.558635
2.03077
-1.523197
1.355091
-1.094289
0.5195622
2.408496
-0.03614477
-1.818653
0.5977048
0.1567005
-1.923394
-1.355244
0.00539032
-0.08631724
-1.30934
2.040724
1.673743
1.620276
-0.4104268
-0.04686194
1.437534
-1.271002
0.4565219
1.203902
-0.2303956
-0.7873438
2.323491
0.4482388
0.3911931
0.3248268
0.07979802
-1.097784
0.4927412
0.08021057
1.600831
-0.1283102
-0.1630969
0.5770517
0.632406
0.3899945
0.1417886
-0.0537595
-0.662136
-0.04430488
0.05906585
0.9207578
0.4378122
-0.2429899
0.6788863
-0.324321
-1.003808
1.086198
-1.203807
0.2693124
-0.2349928
0.9269686
1.005035
0.004805173
-0.1106309
0.700212
0.3149256
0.09524382
-0.5392931
0
-0.1724221
0.1484909
0.2056127
-0.9117189
-0.5413494
0.7917005
-0.8741258
-0.5593852
-0.01951022
0.3652394
0.0826015
1.235715
-0.9398778
0.0290505
-0.875238
0.9816884
-0.9377388
0.02928446
-0.3470987
0.6297504
-0.1363516
1.287898
0.6760203
0.02866418
0.4290054
-0.1904443
0.2047122
0.3039083
-0.299155
0.5075584
0.1560112
0.3254346
-0.1366442
-0.952273
-0.7741652
-0.1968855
-0.1394902
0.2979888
-0.3709656
0.6419415
0.2834545
-0.1632477
1.293848
-3.656967
-1.807218
1.787531
1.688425
1.35533
0.2098246
-0.7219184
0.5979878
-0.06202677
1.478067
0.3520717
0.7237118
-0.01395724
0.5567929
-0.1342716
0.2683705
-0.1017115
0.4154336
-0.378435
0.4475111
-0.2719636
0.04614952
-0.1061675
0.1153962
0.1613271
-0.08293462
-0.6427912
0.2918446
0.1063414
0.8145603
-0.059597
0.059597
-0.2478061
0.4629933
-0.0869287
0.2879623
-0.5170994
0.1879257
0.2241412
-0.1463228
-0.004573181
0.2011438
-0.5127959
-0.06888256
-0.188512
0.4912247
-0.1650019
-0.2848066
0.004597373
0.4497878
0.3017853
-0.009133412
-0.2285611
-2.422591
1.424537
-1.447985
-0.03752615
0.9943387
-0.3853271
0.01874924
0.004682895
1.118271
0.6281711
-0.5494337
-0.8135228
0.618881
0.495127
-0.908847
0.7517832
-0.2406981
-0.5110851
0.4415484
0.06953664
-0.3435341
0.5194868
-1.271002
0.1311111
-0.3280899
0.05162744
-0.3478217
0.6242842
0.2663578
-0.1868433
0.04674006
0.4243731
-0.3356182
-0.2009736
-0.2670386
-0.2959787
0.004709591
-0.7271767
-0.603681
-0.4587631
-0.1102226
2.181728
0.4493791
1.054624
0.2492468
-0.2307658
0.07851921
0.7772491
-0.1880106
0.5127558
-0.2240075
0.752309
0.1951345
0.05438497
0.3708597
-0.4705927
0.1948427
-0.2402045
-0.3682232
0.050079
0.5990791
0.3162402
1.299597
0.2445751
0.6022252
-0.1148489
0.6651838
-0.8288514
0.4108747
-0.1946583
0.217505
0.3850136
-0.278652
-0.1728911
0.1463132
0.2477974
-0.8298847
-0.02227877
-0.366173
0.7620894
0.593157
-0.07947724
0.3571411
-0.3306371
0
0.2822116
-0.2513093
0.2292889
-0.3529688
0.2207506
-0.3711381
0.3667301
-0.2605539
0.6391259
0.8618296
-0.1046001
-0.1571028
-0.6220987
-0.008791421
0.03954565
0.06588155
0.6869236
-0.1789352
0.004371983
0.1309542
0.5915122
0.3938414
0.5427811
0.398737
0.5206793
-0.08517035
0.1575084
0.5937542
-0.08884067
0.06769462
0.1268029
0.1561659
-0.2702818
1.390048
-0.6317331
0.06293147
-0.2982343
-0.2991332
-0.1858274
0.1267386
0.3498059
0.0504715
-0.3833941
0.8616227
-0.196888
-0.1749597
-0.1097488
-1.292264
0.2350391
-0.1067669
-0.0726658
-0.1026808
0.7250477
0.0934401
0.3179114
-0.2330311
-0.1740731
0.06371743
-0.2977066
0.2807211
-0.1019909
0.05950568
-0.1190468
-0.4391484
-0.6516095
0.8820867
-0.2988697
-0.1840291
0.8106167
-0.3191968
1.093788
0.5801769
-0.06290345
0.08386248
-0.2181775
0.2516953
0.03770489
-0.121533
0.117341
0.3929287
-0.016686
-0.0918397
0.1794217
-0.2044821
-0.1672419
0.5508306
-0.09159458
-1.790338
0.4020391
0.6483116
0.5064599
0.221031
0.2330122
0.4768108
-0.02067884
-0.08692163
-0.02484698
0.7920829
0.3322863
-0.07374345
-0.3201965
0.1848531
0.04923478
-0.1518894
-0.02054482
0.4877967
-0.126843
-0.1926195
0.02178169
0.8290649
-0.6766934
-0.02469257
-0.04528747
0.1193526
0.06578184
-0.8088819
0.8910595
-0.8827707
0.1862764
0.1694197
0.2309362
-0.9186529
0.6464192
0.1073312
-0.07429421
0.7486666
0.1678849
0.465326
-0.01221772
0.05293267
0.5399384
0.0445263
-0.08907244
-0.02430626
0.2427971
0.004041629
-0.09299881
-0.1173828
-0.0567169
0.2226316
0.04850837
-0.1941748
0.1820499
0.1857536
-0.2464001
-0.004044408
-1.421584
0.1475773
0.9864344
-0.01216915
0.1742832
-1.571365
-0.156443
0.0782521
1.040268
-0.3591841
-0.2333437
0.2333437
0.004088893
0.1144212
0.4726407
0.5997992
0.14132
-0.7207968
0.3407988
-0.01215141
-0.1175398
1.060943
0.3364983
0.04797889
-0.03198337
0.133692
0.2124632
0.100062
0.03599784
-0.2682953
0.02004691
-0.2046673
0.06023976
0.3886768
0.1199041
0.3508915
0.4329269
0.2137853
0.1185724
0.5907622
-0.1139422
-0.1652503
0.263484
0.1569736
-0.149119
0.1216665
0.1332706
0.0704832
0.097811
0.02736994
0.5147214
-0.3896969
0.1755516
-0.4962402
0.1291813
0.8142955
-0.3732073
0.1556723
0.1321312
0.03882892
0.3333078
0.1546492
-0.06956253
0.1699564
-0.3634399
-0.03099214
0.09294761
-0.2325312
-0.5017806
0.8465084
-0.2943001
0.1704898
0.6521469
-0.08850409
0.2307161
-0.04994333
1.009376
-0.06088512
0.8716799
-0.207755
-0.1210746
-0.3603061
0.01899588
0.3148056
0.5438285
0.3008539
0.1763305
-0.01124585
-0.4094594
0.8252137
0.6321204
-0.3847811
-0.05241483
0.2057575
-0.02616382
-0.1196933
0.04864268
0.2055346
-0.3777612
0.7131819
0.6305191
0.4206027
0.6641861
0.1827018
0.2260877
-0.1531003
0.7269587
0.6497749
-0.3424105
0.9486578
-0.1682327
0.453937
0.8098073
0.2120217
-0.03883701
0.0423669
1.151132
-0.6651987
-1.03101
0.04967534
-0.1135799
-2.201048
-4.272221
1.951062
-0.5439656
-3.823043
1.490984
1.457774
0.2484286
1.340598
1.267939
0.02929652
-0.6280897
-0.498662
0.1295217
1.581365
1.154534
-1.256512
-1.018175
-1.464752
0.5141783
1.149162
0.2531786
-0.03665286
0.4827394
1.725272
-0.1255853
-0.6483705
-0.5144752
-0.1090314
0.1078618
-1.362264
0.1699173
-0.1921017
-2.531496
-2.154496
2.699147
-1.715817
-0.2959094
1.269664
-2.1821
1.273558
1.064225
0.7860963
-2.253788
0.491628
1.57753
-0.5256105
0.8193517
-0.2937413
0.8188147
1.064156
0.0739946
-0.5562987
-0.8515458
-0.01500431
-1.355889
0.2468621
1.011444
0.09383152
-0.7720301
0.1775294
-0.6740152
-0.2206079
1.286337
0.3377494
0
0.9619402
0.9307203
0.3046601
0.04763388
-0.6910776
0.4196274
-0.08451999
-0.2503038
0.7490397
-0.2783987
0.2747405
-0.2050682
-0.2385541
-1.156766
1.325648
-0.6144808
0.9769792
0.4740209
0.07272728
0.832584
-0.01081529
0.2951979
0.1329143
0.1291526
-0.3195981
0.251455
-0.127229
-0.2058915
-0.3840167
0.1704536
-0.6288529
0.182156
-1.370638
0.2211575
-0.8318747
0.5701185
0.1438663
0.213573
-0.3537479
0.8124895
0.8422561
0.8964131
0.3591958
-0.7341331
0.9025105
0.07871762
-0.08945665
0.4037089
0.2101402
-0.3778567
-0.1143511
0.1857541
0.5019501
0.8486314
-0.2361859
-0.6799375
-0.52372
0.4917342
-0.1672033
0.543277
0.42757
0.3660429
0.3296976
-0.04202858
-0.136715
-0.6722655
-0.3750491
0.6360445
-0.7495439
0.8058859
0.3514201
0.2137614
0.2342617
-0.05938761
-0.1328764
0.6000367
0.7864372
0.04830085
0.536637
-0.4056522
0.003444653
-0.1723782
-0.2695047
-0.3014608
-0.1945256
0.1737016
0.3292041
0.02421433
0.5897077
0.0171907
-0.5308344
0.5411474
0.1065054
0.8071179
-0.091124
-0.3327562
-0.09282019
-0.2996747
0.2790363
0.01031974
0.3468112
-0.05829005
0.05486216
-0.7846416
-0.5612737
0
-0.1460311
-3.217531
-2.22728
1.379282
-0.5632794
2.163026
0.01783008
-1.454636
-0.05428391
-0.4498792
-0.5103726
-3.076709
1.778157
-1.774388
-0.5555675
1.470974
1.062417
1.058561
-0.5940612
0.5501774
0.6308019
2.118289
-0.1816531
-0.9816293
-1.886197
-0.1872832
-0.6860205
1.038263
0.2597167
-1.705916
-1.867951
0.340175
-0.6701144
1.601542
0.3358839
2.276425
-0.2187546
0.6076834
1.315453
-3.293902
-0.1518266
-2.35102
0.1895232
0.02271867
0.5022764
-0.03390916
-1.863739
-1.981338
-0.1097093
-1.508896
-1.64119
-2.057929
-2.677829
4.928992
0.7647989
-0.1290791
0.8720693
0.1039792
-2.415215
3.2947
0.7853702
0.9351531
0.4662557
0.3521335
0.03862048
-0.6119543
1.139558
0.2416896
0.7558153
1.322221
-1.360257
0.2090183
0.05313496
0.8425796
-0.76293
-0.1327845
1.570683
0.8744079
0.04814904
0.701084
0.4183032
-0.1319068
-0.9578617
0.1220843
0.05544364
1.277738
0.324173
-0.2220726
1.083835
0.1729045
0.2013448
-0.3562244
0.6180845
0.1360398
-0.07157684
-0.04297071
-0.1864201
0.6224309
-0.3644032
-0.1360983
-0.6075331
-0.8400672
-0.200193
1.439707
0.3763917
0.6597389
-0.064
0.4907203
0.3619335
0.02479061
-0.3014454
1.123131
-1.943392
-0.07522972
0.7426484
-0.5242803
0.3783287
0.6285644
1.178948
0.04896817
0.1572355
0.2649932
0.4828494
0.07620895
-0.5138008
0.3405146
-0.02775369
0.6743114
-0.06550256
0.06550256
-0.2449924
0.1967316
0.08616382
0.8951444
-0.2221805
-0.0616143
0.4645928
0.1566544
0.05102996
-0.7544887
-0.2161273
0.974017
-0.4123717
-1.684069
-0.1390192
-0.3030358
0.5010798
-2.545132
0.9003003
0.5840357
0.9218586
-0.6486057
-0.6634047
0.8975273
-0.3076173
-1.229387
0.2265809
-0.9344036
-0.6733309
0.2727438
-1.356687
-0.2546197
2.147443
0.8624874
0.6481635
0.9957284
0.4578413
-0.0242269
-0.1766877
0.4117867
-0.110566
0.03802084
1.041658
0.2254638
0.9509003
-0.1449031
-0.122524
-0.9856343
-0.09978839
0.3539705
0.5132603
0.9037536
0.2600957
0.796335
-0.1138533
-0.5510026
0.124577
0.4766709
0.2341451
0.4466972
0.03325574
-0.3230483
-0.682825
0.3654227
-0.5570484
0.2453494
0.712461
0.4688522
-0.4788517
0.6677655
-0.1822792
-0.2457738
-1.10007
-0.8746067
-0.7557997
-3.05346
1.392556
0.05905136
1.943011
-0.6834829
-1.224808
1.543209
-3.001353
0.2638292
1.464717
1.197578
-0.7692081
0.8102492
-0.03077923
-2.602319
1.099775
-0.3931329
0.7016841
1.269214
-0.04444217
-0.5864315
1.128642
1.277346
0.07719805
0.05031447
-0.02347693
0.7085828
0.3457795
-0.06640327
-0.3093558
0.2528783
0.05979868
-0.006642532
-0.4715435
-0.02347064
-0.7877768
0.5897336
-0.2085366
-0.5401769
0.4627058
-1.196604
-1.782259
0.8159359
1.344138
-0.4323926
-1.564654
0.9451605
0.6740714
1.031357
-0.1114432
0.9851634
-0.1607287
0.2944722
-0.438678
0.675633
-0.3272123
0.2905377
0.1632653
0.4086588
0.5620779
-0.02967799
0.3062487
-0.26668
0.9221192
0.400972
-0.1106771
0.02279648
0.35106
0.2463055
-0.1911582
0.2105775
0.03235722
0.1454781
0.7210254
0.07374041
-0.02884847
-0.3725715
-0.1610203
0.22214
0.7720314
0.226313
0.4447558
-0.3715528
-0.8531085
-0.6729045
0.6151289
0.1796369
0.9092567
-0.3149108
-0.1115698
0.2834622
0.8582113
0.0598944
0.6846545
0.02190683
0.006258214
0.4090624
0.4353241
0.1526599
0.003113083
0.530917
-0.02477547
-0.5528479
0.2426355
0.9308434
-0.7601075
0.3807759
-0.2815727
0.5315381
0.675782
-0.2881846
0.6853743
-0.1525786
0.2257337
0.8283945
0.3107701
-0.1960046
0.01207292
0.1146201
-0.8932821
-1.61593
1.042461
-0.08263072
0.3240107
-1.832484
0.7401133
1.512629
1.148188
0.335913
-0.5343914
0.7437654
0.1731499
0.6422095
-0.1067489
0.1600807
-0.258034
0.4769885
-0.4116756
-1.035166
-3.372785
-3.077069
-0.3685016
-4.59515
-0.4210391
4.239505
-2.905034
4.117365
-3.380677
-1.666928
-8.131259
5.045058
-4.997664
-10.05689
8.202807
-11.58865
5.258493
-5.195974
0.2122745
-4.378902
-2.590073
8.673101
1.485924
5.674862
-3.023821
3.195954
-1.501761
-4.604902
2.281315
-1.455967
6.50068
0.1018887
3.301732
1.510269
-0.9172057
2.906631
-2.14771
0.4812709
2.665693
-1.777496
-3.083381
2.195184
-0.007166147
1.384241
1.431553
-0.4609108
2.584177
-0.9354349
-2.683015
0.2754434
0.919692
-0.6801793
1.199462
1.641077
0.02051492
-2.013294
-1.78441
1.189629
0.4586441
3.0005
-1.03243
1.684536
-0.6927927
0.1897277
1.224533
1.476936
-0.1846662
0.4445989
0.4033652
0.8246058
1.322046
-0.2630146
2.530657
1.201496
-0.7484623
-0.5595601
-5.937736
1.190451
0.9292348
1.906479
-0.4162537
0.03849609
-0.5705514
0.6394751
0.4593131
-2.583972
1.066345
-2.403804
1.459059
1.272822
0.698038
0.5491784
1.531939
-1.036739
0.7619568
-0.5709226
1.01588
-0.8696669
1.287571
0.9145311
-0.3298895
0.2894899
0.8049081
0.2125268
0.5675994
-1.200347
-0.6461255
0.7265984
-0.6362628
1.222377
-0.3574294
0.7871151
0.6928047
0.3855207
0.6191783
0.666229
0.07175961
0.2984453
-0.828887
1.384601
-0.1809365
0.002968813
0.3171548
0.2158008
-0.4172406
0.3108765
0.354108
1.008215
0.349325
0.997565
0.2184223
0.6438619
-0.3629146
0.937449
1.436038
-3.502043
-0.8198197
-2.770309
1.955486
-1.751618
0.05090201
1.30853
0.5039576
-0.39765
-0.8834137
-1.153235
-1.119199
1.013291
-2.346418
0.2661963
1.603763
1.647295
-0.5460887
0.7553313
0.6399498
-0.9539781
1.757765
-1.431793
1.725686
0.8823501
0.8890492
1.595961
-0.6547507
-0.6303204
-0.1236645
-0.06044992
-1.532019
0.3997729
-0.189474
0.5470378
0.3389392
-1.865285
-0.3453317
-3.47767
1.011217
-1.047959
1.114608
1.750191
2.210311
1.931508
-0.02284409
1.248739
-0.1467683
0.7401083
-0.9748204
1.37495
1.240528
-0.5392787
-1.210783
0.4201334
-0.6871337
0.5976533
1.598524
-0.1542955
0.2781107
-0.4436919
1.087803
0.21015
-0.02726727
0.8580714
-0.2057001
0.2921843
-0.9009314
-0.03271627
-0.1173213
-0.4487257
1.342887
0.1568076
0.5576448
-0.3983855
-0.3581899
-0.1686846
0.08981914
0.3882867
0.8554095
-0.1909552
0.1425785
0.5067918
